{
  "feature_columns": [
    "nr. sessions",
    "nr. rest days",
    "total kms",
    "max km one day",
    "total km Z3-Z4-Z5-T1-T2",
    "nr. tough sessions (effort in Z5, T1 or T2)",
    "nr. days with interval session",
    "total km Z3-4",
    "max km Z3-4 one day",
    "total km Z5-T1-T2",
    "max km Z5-T1-T2 one day",
    "total hours alternative training",
    "nr. strength trainings",
    "avg exertion",
    "min exertion",
    "max exertion",
    "avg training success",
    "min training success",
    "max training success",
    "avg recovery",
    "min recovery",
    "max recovery",
    "rel total kms week 0_1",
    "rel total kms week 0_2",
    "rel total kms week 1_2"
  ],
  "prior_strength": 10.0,
  "population_cov": [
    [
      6.195274777289867,
      -4.197582048759512,
      60.26302520666753,
      12.051821284371083,
      11.105937015455355,
      0.8930443223150292,
      1.605809308294983,
      5.782550102920085,
      3.7432778877903035,
      5.003586090552476,
      3.118985910216318,
      1.395322575013378,
      1.024183976321216,
      0.12883136882702817,
      0.04386461044746722,
      0.23108114867792698,
      0.19926123059730969,
      0.12890001896889586,
      0.24100966216541522,
      0.08863852626150298,
      0.046648940868874215,
      0.14735487120573187,
      -327611.3666547213,
      215451.18138571313,
      -78406.60334693226
    ],
    [
      -4.197582048759512,
      3.4545449962110166,
      -41.49230260295806,
      -8.394811266946826,
      -8.089312622715836,
      -0.7304533352277661,
      -1.2748423548987085,
      -4.1018225054131925,
      -2.725498787706789,
      -3.706834054139145,
      -2.336072817528059,
      -0.7562603043812276,
      -0.6671688802525481,
      -0.11393035699069769,
      -0.03912734923707916,
      -0.20604369973500772,
      -0.17734893567787482,
      -0.10987793101613133,
      -0.21795144745056197,
      -0.08402330608362026,
      -0.04526985916247484,
      -0.1387633458940131,
      254732.73196704497,
      -65187.0470282999,
      97522.5512805498
    ],
    [
      60.26302520666753,
      -41.49230260295806,
      1353.9521848105721,
      290.771112453302,
      239.28918724557622,
      13.350512849632212,
      28.269174861321527,
      140.02084671198173,
      90.47067554720476,
      96.44055433829034,
      63.4554534716751,
      -18.123300781812024,
      0.8427419716360998,
      0.42889404534741876,
      -0.0018491462790304655,
      1.2566739493060857,
      1.034280660254803,
      0.4300378290270519,
      1.3082400772213558,
      0.5281020388163211,
      0.20017880787850756,
      1.0354721221015,
      -2863284.763705207,
      4457323.809143664,
      1351801.1300858313
    ],
    [
      12.051821284371083,
      -8.394811266946826,
      290.771112453302,
      82.77774852797816,
      52.31064458935598,
      2.5784686246247355,
      5.740180580931157,
      30.910297413777087,
      21.279352467342473,
      20.232694292701687,
      13.995941657114999,
      -3.6165509419215156,
      0.12403089579594449,
      0.17146488177785404,
      0.04683560422708217,
      0.38359805224566546,
      0.37811315363928427,
      0.20225194953412354,
      0.4750204615250156,
      0.17916012139352888,
      0.07854200680399338,
      0.32061941445022274,
      191883.4024014015,
      1223134.0547739998,
      726734.4474542764
    ],
    [
      11.105937015455355,
      -8.089312622715836,
      239.28918724557622,
      52.31064458935598,
      79.14316120606577,
      3.781968094557947,
      8.538431517599404,
      46.04258895040163,
      29.379435245908567,
      29.71160739360988,
      19.091683844829774,
      -3.5160378131744823,
      0.6686357057709155,
      0.192840253781306,
      0.06367714562163304,
      0.3602007579984595,
      0.216460682432423,
      0.09085389825315297,
      0.2710017986435982,
      0.10499509389062692,
      0.03929647593168908,
      0.217346376537863,
      -1341252.2441372238,
      -956612.0482546155,
      -9312.731283994512
    ],
    [
      0.8930443223150292,
      -0.7304533352277661,
      13.350512849632212,
      2.5784686246247355,
      3.781968094557947,
      1.0815804998489793,
      0.8937208249649907,
      -0.9310315777564857,
      -0.2796556635010693,
      4.635573362281233,
      2.517256894850006,
      -0.4384870457119943,
      0.07536968387573278,
      0.03557614830239811,
      0.012713096133070149,
      0.05704083047902114,
      0.006002113193760124,
      -0.00662856772973764,
      0.01207866822243417,
      0.020329364866837674,
      0.01300486449196353,
      0.030060089121063102,
      -281757.5074728501,
      -432803.40671094746,
      -203833.2936182733
    ],
    [
      1.605809308294983,
      -1.2748423548987085,
      28.269174861321527,
      5.740180580931157,
      8.538431517599404,
      0.8937208249649907,
      1.600335048613657,
      4.6165866455533635,
      2.802005183083659,
      3.9284810746769874,
      2.308931220992418,
      -0.6452605500233969,
      0.08807599566372078,
      0.04048035449212735,
      0.016627457315123842,
      0.06668179088975658,
      0.017541373865756524,
      -0.002541235163495725,
      0.02718554196330246,
      0.022987628328241024,
      0.012622172882951746,
      0.03908969435829622,
      -350684.607597491,
      -455789.54103934084,
      -186122.57801963683
    ],
    [
      5.782550102920085,
      -4.1018225054131925,
      140.02084671198173,
      30.910297413777087,
      46.04258895040163,
      -0.9310315777564857,
      4.6165866455533635,
      48.79895842823151,
      29.327588826861405,
      -2.164906511417159,
      0.5241115058679762,
      -1.4882752096934788,
      0.1039450015419131,
      0.061509489708924406,
      0.01638195947849255,
      0.1463321023817598,
      0.19599633141074285,
      0.11632790948875725,
      0.23464551032561187,
      0.031227610977169917,
      -0.006809792853157269,
      0.0989706998538911,
      -106458.29803092105,
      476267.36160330713,
      659019.3898656025
    ],
    [
      3.7432778877903035,
      -2.725498787706789,
      90.47067554720476,
      21.279352467342473,
      29.379435245908567,
      -0.2796556635010693,
      2.802005183083659,
      29.327588826861405,
      20.9742705986345,
      0.4434369237285468,
      1.5937365767391058,
      -1.0610849001261773,
      0.07128689119878658,
      0.04989286030552577,
      0.013806509374006081,
      0.11597719026707871,
      0.13642602113906394,
      0.0820650818712489,
      0.16422512358123498,
      0.033695570085156355,
      0.006840747330698309,
      0.07761014520143802,
      -9333.678550255376,
      347349.02725444717,
      399860.7317318231
    ],
    [
      5.003586090552476,
      -3.706834054139145,
      96.44055433829034,
      20.232694292701687,
      29.71160739360988,
      4.635573362281233,
      3.9284810746769874,
      -2.164906511417159,
      0.4434369237285468,
      31.819471733589303,
      18.561196599953547,
      -1.7092059105403599,
      0.5373465736726663,
      0.13832911348743057,
      0.051980613457611805,
      0.22542264759627775,
      0.07339299133700797,
      0.023124009579782265,
      0.0941790084322053,
      0.08193325821097287,
      0.05144879652989522,
      0.12803097036208258,
      -1115639.5149775473,
      -1337066.3310050992,
      -645404.795331798
    ],
    [
      3.118985910216318,
      -2.336072817528059,
      63.4554534716751,
      13.995941657114999,
      19.091683844829774,
      2.517256894850006,
      2.308931220992418,
      0.5241115058679762,
      1.5937365767391058,
      18.561196599953547,
      12.61411022553508,
      -1.1233941248615589,
      0.2812412926916987,
      0.09277257538039897,
      0.03546324201332866,
      0.15560522585513414,
      0.06491580048319186,
      0.028314962802535017,
      0.08133256515828874,
      0.05769914041777004,
      0.03612507634528182,
      0.08933059684940858,
      -724084.6557319036,
      -956601.7547205776,
      -391673.6555912159
    ],
    [
      1.395322575013378,
      -0.7562603043812276,
      -18.123300781812024,
      -3.6165509419215156,
      -3.5160378131744823,
      -0.4384870457119943,
      -0.6452605500233969,
      -1.4882752096934788,
      -1.0610849001261773,
      -1.7092059105403599,
      -1.1233941248615589,
      5.581701980459846,
      0.33310485405824636,
      0.04871957010818613,
      0.03071271880940748,
      0.05782712234408735,
      0.06663076475341204,
      0.064535782943153,
      0.07043480308148863,
      0.026796129999264173,
      0.020360990288785328,
      0.030326866277287715,
      157992.61019884466,
      257630.46587080174,
      70077.19226438369
    ],
    [
      1.024183976321216,
      -0.6671688802525481,
      0.8427419716360998,
      0.12403089579594449,
      0.6686357057709155,
      0.07536968387573278,
      0.08807599566372078,
      0.1039450015419131,
      0.07128689119878658,
      0.5373465736726663,
      0.2812412926916987,
      0.33310485405824636,
      0.9927709460879585,
      0.04749384485789257,
      0.020244214933552943,
      0.0734393961032241,
      0.08309942127910629,
      0.05822243357521689,
      0.09889152464880631,
      0.020325203013703788,
      0.0073492317615134585,
      0.03883352032475799,
      -140622.6215570645,
      -73303.82538795315,
      -57987.781924087605
    ],
    [
      0.12883136882702817,
      -0.11393035699069769,
      0.42889404534741876,
      0.17146488177785404,
      0.192840253781306,
      0.03557614830239811,
      0.04048035449212735,
      0.061509489708924406,
      0.04989286030552577,
      0.13832911348743057,
      0.09277257538039897,
      0.04871957010818613,
      0.04749384485789257,
      0.04067171197573716,
      0.02427715548375804,
      0.05541930081892733,
      0.04822223777723366,
      0.03495616069367567,
      0.057873597990541197,
      0.022815041072242914,
      0.014851880607620297,
      0.03279235361949732,
      -13148.070163773506,
      -27610.767442119646,
      -9250.140054832618
    ],
    [
      0.04386461044746722,
      -0.03912734923707916,
      -0.0018491462790304655,
      0.04683560422708217,
      0.06367714562163304,
      0.012713096133070149,
      0.016627457315123842,
      0.01638195947849255,
      0.013806509374006081,
      0.051980613457611805,
      0.03546324201332866,
      0.03071271880940748,
      0.020244214933552943,
      0.02427715548375804,
      0.022891448660699625,
      0.025511169861122736,
      0.022044786021811532,
      0.019060569129105302,
      0.024932224899940035,
      0.014818863324163075,
      0.012486426384551101,
      0.017455369054350217,
      -4806.033136982824,
      -16722.68109456256,
      -4786.594581322659
    ],
    [
      0.23108114867792698,
      -0.20604369973500772,
      1.2566739493060857,
      0.38359805224566546,
      0.3602007579984595,
      0.05704083047902114,
      0.06668179088975658,
      0.1463321023817598,
      0.11597719026707871,
      0.22542264759627775,
      0.15560522585513414,
      0.05782712234408735,
      0.0734393961032241,
      0.05541930081892733,
      0.025511169861122736,
      0.08961502803831388,
      0.07922156595014056,
      0.054243337727491805,
      0.09649454972228566,
      0.030693912972330796,
      0.017024407890919302,
      0.04895439166679912,
      -22294.623619975173,
      -45136.95311774513,
      -17955.612696168773
    ],
    [
      0.19926123059730969,
      -0.17734893567787482,
      1.034280660254803,
      0.37811315363928427,
      0.216460682432423,
      0.006002113193760124,
      0.017541373865756524,
      0.19599633141074285,
      0.13642602113906394,
      0.07339299133700797,
      0.06491580048319186,
      0.06663076475341204,
      0.08309942127910629,
      0.04822223777723366,
      0.022044786021811532,
      0.07922156595014056,
      0.11598509406668209,
      0.093153460962064,
      0.1306202498233078,
      0.024905188896397288,
      0.012499685362388555,
      0.0427999294930641,
      -7449.173473734449,
      -36046.42822254194,
      -14705.246523772208
    ],
    [
      0.12890001896889586,
      -0.10987793101613133,
      0.4300378290270519,
      0.20225194953412354,
      0.09085389825315297,
      -0.00662856772973764,
      -0.002541235163495725,
      0.11632790948875725,
      0.0820650818712489,
      0.023124009579782265,
      0.028314962802535017,
      0.064535782943153,
      0.05822243357521689,
      0.03495616069367567,
      0.019060569129105302,
      0.054243337727491805,
      0.093153460962064,
      0.08880297869710181,
      0.09839058752204481,
      0.01688235703618271,
      0.01073201029612456,
      0.026059569847104763,
      -96.34471786603204,
      -15773.392009601721,
      -7519.243233993936
    ],
    [
      0.24100966216541522,
      -0.21795144745056197,
      1.3082400772213558,
      0.4750204615250156,
      0.2710017986435982,
      0.01207866822243417,
      0.02718554196330246,
      0.23464551032561187,
      0.16422512358123498,
      0.0941790084322053,
      0.08133256515828874,
      0.07043480308148863,
      0.09889152464880631,
      0.057873597990541197,
      0.024932224899940035,
      0.09649454972228566,
      0.1306202498233078,
      0.09839058752204481,
      0.1529213487238444,
      0.031536325536614875,
      0.014762379253461159,
      0.05504631981572299,
      -10496.718635647254,
      -41056.39778284871,
      -14180.099022071363
    ],
    [
      0.08863852626150298,
      -0.08402330608362026,
      0.5281020388163211,
      0.17916012139352888,
      0.10499509389062692,
      0.020329364866837674,
      0.022987628328241024,
      0.031227610977169917,
      0.033695570085156355,
      0.08193325821097287,
      0.05769914041777004,
      0.026796129999264173,
      0.020325203013703788,
      0.022815041072242914,
      0.014818863324163075,
      0.030693912972330796,
      0.024905188896397288,
      0.01688235703618271,
      0.031536325536614875,
      0.02349682363116937,
      0.01724748061576867,
      0.030479622941558357,
      -6386.218296137641,
      -14048.505083840933,
      -7566.989698333101
    ],
    [
      0.046648940868874215,
      -0.04526985916247484,
      0.20017880787850756,
      0.07854200680399338,
      0.03929647593168908,
      0.01300486449196353,
      0.012622172882951746,
      -0.006809792853157269,
      0.006840747330698309,
      0.05144879652989522,
      0.03612507634528182,
      0.020360990288785328,
      0.0073492317615134585,
      0.014851880607620297,
      0.012486426384551101,
      0.017024407890919302,
      0.012499685362388555,
      0.01073201029612456,
      0.014762379253461159,
      0.01724748061576867,
      0.016383326806356197,
      0.018262837777153075,
      -1298.3421204224535,
      -4699.66344187138,
      -2814.822384106132
    ],
    [
      0.14735487120573187,
      -0.1387633458940131,
      1.0354721221015,
      0.32061941445022274,
      0.217346376537863,
      0.030060089121063102,
      0.03908969435829622,
      0.0989706998538911,
      0.07761014520143802,
      0.12803097036208258,
      0.08933059684940858,
      0.030326866277287715,
      0.03883352032475799,
      0.03279235361949732,
      0.017455369054350217,
      0.04895439166679912,
      0.0427999294930641,
      0.026059569847104763,
      0.05504631981572299,
      0.030479622941558357,
      0.018262837777153075,
      0.0481389182165799,
      -13161.79696490908,
      -29835.294192958027,
      -15211.55755879301
    ],
    [
      -327611.3666547213,
      254732.73196704497,
      -2863284.763705207,
      191883.4024014015,
      -1341252.2441372238,
      -281757.5074728501,
      -350684.607597491,
      -106458.29803092105,
      -9333.678550255376,
      -1115639.5149775473,
      -724084.6557319036,
      157992.61019884466,
      -140622.6215570645,
      -13148.070163773506,
      -4806.033136982824,
      -22294.623619975173,
      -7449.173473734449,
      -96.34471786603204,
      -10496.718635647254,
      -6386.218296137641,
      -1298.3421204224535,
      -13161.79696490908,
      18861281314077.47,
      8047662473232.934,
      -212709991102.46722
    ],
    [
      215451.18138571313,
      -65187.0470282999,
      4457323.809143664,
      1223134.0547739998,
      -956612.0482546155,
      -432803.40671094746,
      -455789.54103934084,
      476267.36160330713,
      347349.02725444717,
      -1337066.3310050992,
      -956601.7547205776,
      257630.46587080174,
      -73303.82538795315,
      -27610.767442119646,
      -16722.68109456256,
      -45136.95311774513,
      -36046.42822254194,
      -15773.392009601721,
      -41056.39778284871,
      -14048.505083840933,
      -4699.66344187138,
      -29835.294192958027,
      8047662473232.934,
      48177997388378.28,
      24708570215080.203
    ],
    [
      -78406.60334693226,
      97522.5512805498,
      1351801.1300858313,
      726734.4474542764,
      -9312.731283994512,
      -203833.2936182733,
      -186122.57801963683,
      659019.3898656025,
      399860.7317318231,
      -645404.795331798,
      -391673.6555912159,
      70077.19226438369,
      -57987.781924087605,
      -9250.140054832618,
      -4786.594581322659,
      -17955.612696168773,
      -14705.246523772208,
      -7519.243233993936,
      -14180.099022071363,
      -7566.989698333101,
      -2814.822384106132,
      -15211.55755879301,
      -212709991102.46722,
      24708570215080.203,
      21781957316289.965
    ]
  ],
  "intercept": -0.7057964965215168,
  "coef_d2": 0.02567167233690944
}